1000
834 377 0.426874
633 267 0.110093
204 492 0.0565288
330 305 0.836068
76 350 0.652358
726 223 0.828237
975 835 0.69535
403 82 0.771267
503 573 0.34765
817 169 0.621743
732 977 0.00785885
724 802 0.465454
774 555 0.299625
382 316 0.739493
479 648 0.451416
919 821 0.657124
455 28 0.00329358
689 424 0.365779
451 398 0.436701
710 77 0.564619
640 920 0.993688
744 575 0.853405
66 407 0.468033
685 492 0.824578
727 448 0.800698
9 86 0.768821
245 553 0.946382
329 814 0.605295
524 281 0.146711
805 567 0.923061
735 75 0.0083836
30 366 0.454425
286 342 0.868372
410 312 0.772919
11 978 0.590348
804 228 0.948427
636 174 0.621344
24 29 0.313957
891 514 0.196217
80 783 0.650344
751 131 0.350605
143 970 0.00769081
952 626 0.250611
161 344 0.261665
367 861 0.236381
31 567 0.812611
551 550 0.0231833
625 699 0.0726597
122 515 0.893631
248 830 0.960943
303 339 0.712483
45 514 0.913595
411 332 0.875138
369 80 0.44442
811 127 0.623456
280 273 0.217441
450 146 0.447248
157 781 0.962507
965 6 0.412809
996 986 0.594256
145 351 0.443545
624 414 0.330824
175 266 0.0140298
554 142 0.450337
673 457 0.103961
3 960 0.547007
46 678 0.195319
494 225 0.764013
707 195 0.851672
458 812 0.132442
488 328 0.308669
529 21 0.647724
532 274 0.202613
770 27 0.29347
187 325 0.919485
9 944 0.916672
993 816 0.525447
232 815 0.422687
459 746 0.879284
400 547 0.572142
887 303 0.334588
356 359 0.553206
335 881 0.438132
478 858 0.0577225
431 220 0.69456
310 190 0.415483
43 207 0.0605926
255 53 0.914669
202 682 0.208071
409 766 0.572078
326 953 0.284313
642 38 0.244939
434 750 0.848067
203 853 0.831035
879 251 0.772246
945 416 0.273806
374 69 0.549469
386 675 0.389278
319 603 0.389369
655 292 0.516046
42 120 0.300962
990 263 0.325236
536 486 0.867164
486 441 0.208577
196 864 0.350978
459 818 0.551948
778 742 0.291799
753 357 0.036994
127 483 0.77299
988 216 0.831126
857 851 0.105643
591 516 0.903002
882 211 0.809424
337 849 0.123454
910 618 0.590517
808 583 0.844407
395 925 0.245234
590 122 0.36491
37 118 0.401879
434 696 0.909747
858 305 0.243888
579 471 0.682862
801 534 0.846246
297 327 0.127054
314 356 0.130522
406 172 0.334432
47 800 0.392855
261 113 0.902652
703 736 0.128246
216 475 0.0141195
766 866 0.741284
787 473 0.593737
565 147 0.970448
794 837 0.154553
72 633 0.439136
992 65 0.361037
703 474 0.129654
758 418 0.9657
456 792 0.0705237
235 105 0.108785
120 683 0.454818
140 555 0.0217771
184 433 0.882895
850 708 0.633075
945 797 0.705117
42 4 0.524923
107 369 0.0556
959 203 0.44137
982 465 0.548583
427 355 0.0295493
537 123 0.760616
527 400 0.881193
96 659 0.375705
18 660 0.495897
459 236 0.549193
799 49 0.67116
885 840 0.906828
819 325 0.415992
608 984 0.196189
735 697 0.99937
600 511 0.271563
434 394 0.296009
722 433 0.927994
278 207 0.52035
685 573 0.560161
11 391 0.627474
176 703 0.384719
78 843 0.710381
964 294 0.920775
142 718 0.29311
10 387 0.86051
530 0 0.640927
322 720 0.0608203
902 267 0.0542408
184 689 0.418178
445 665 0.700434
695 294 0.541275
680 452 0.794022
178 948 0.679856
69 173 0.676032
594 198 0.894112
212 938 0.748431
460 757 0.201088
72 699 0.829309
78 260 0.287364
357 0 0.264723
597 500 0.791838
505 565 0.735588
145 443 0.980277
426 851 0.170177
354 511 0.357773
715 877 0.166044
77 149 0.00103963
492 29 0.613535
567 839 0.405133
854 960 0.778911
242 334 0.518642
477 499 0.0240585
181 692 0.342256
936 92 0.843351
824 845 0.0232199
547 885 0.400868
793 426 0.883001
625 193 0.280788
798 989 0.258938
672 883 0.546073
247 249 0.927707
556 290 0.498379
662 638 0.531083
627 631 0.652565
199 845 0.184976
937 759 0.472557
955 632 0.523895
996 407 0.180333
717 720 0.87445
446 828 0.373085
178 157 0.685114
496 145 0.548595
262 551 0.192115
496 961 0.39603
707 683 0.952772
855 446 0.445102
476 131 0.853792
184 336 0.984416
931 874 0.593102
910 404 0.63483
208 114 0.190883
529 899 0.985585
476 595 0.987186
326 55 0.929354
211 319 0.639576
103 425 0.642639
665 90 0.728197
962 1 0.362878
246 181 0.428417
748 436 0.402624
954 514 0.578666
306 756 0.783902
721 905 0.170135
591 156 0.995588
587 234 0.97427
49 928 0.701401
119 404 0.445854
802 335 0.886551
268 759 0.46158
764 789 0.775241
552 706 0.330414
720 939 0.207263
540 76 0.914218
780 194 0.282084
756 354 0.846636
792 277 0.457766
926 704 0.605597
845 852 0.955602
796 472 0.207334
811 666 0.341114
695 408 0.325477
949 827 0.0444078
921 967 0.263103
156 610 0.910694
974 980 0.138616
424 288 0.269317
906 593 0.131068
536 630 0.0115269
218 885 0.101875
379 174 0.625575
613 866 0.547427
523 736 0.668654
898 934 0.114089
438 560 0.963448
673 379 0.0306822
557 406 0.39142
760 709 0.982123
831 867 0.805455
165 942 0.63185
63 629 0.237414
348 110 0.985932
101 560 0.499725
220 319 0.504694
444 815 0.219552
889 467 0.532598
271 990 0.161102
324 572 0.0784044
252 309 0.190566
329 518 0.549715
614 888 0.775201
213 680 0.53542
607 998 0.538031
362 129 0.805709
30 452 0.711405
713 8 0.0697296
927 931 0.847408
272 778 0.410595
225 566 0.850637
6 394 0.960527
548 712 0.508684
50 622 0.975032
778 413 0.73964
991 384 0.480303
344 895 0.062776
810 95 0.746443
36 458 0.0584496
786 856 0.656059
836 44 0.806374
557 601 0.0345237
526 788 0.170177
737 476 0.711339
146 568 0.838356
208 170 0.248904
433 758 0.316214
262 180 0.882257
839 473 0.768006
968 577 0.3415
718 523 0.84532
411 464 0.172805
61 185 0.786239
173 624 0.645597
454 48 0.706999
292 893 0.396813
200 830 0.687864
843 749 0.381716
393 6 0.799232
870 284 0.652469
553 910 0.828079
365 317 0.133457
907 585 0.904468
545 260 0.749779
376 201 0.393116
683 837 0.639744
143 715 0.158127
701 461 0.324551
505 980 0.896945
860 945 0.386213
444 784 0.818499
129 297 0.640166
369 380 0.507707
71 435 0.869011
64 117 0.609389
598 887 0.819538
17 799 0.824059
252 491 0.538245
933 417 0.916186
79 859 0.336334
466 105 0.61855
862 245 0.373197
564 141 0.476999
411 360 0.60188
106 739 0.0388355
258 743 0.692584
450 151 0.0334527
295 199 0.940607
972 437 0.89481
596 912 0.134373
933 116 0.31663
256 342 0.883765
461 293 0.188239
811 144 0.0525823
502 139 0.134071
937 366 0.713097
184 667 0.579278
390 550 0.753101
496 105 0.601001
95 773 0.440824
518 720 0.29021
86 385 0.734759
288 847 0.395779
943 232 0.76057
198 299 0.170207
540 501 0.201886
135 645 0.504552
804 853 0.989616
79 664 0.576003
639 876 0.684628
810 477 0.207255
103 367 0.143223
855 670 0.0426702
20 155 0.335721
709 107 0.0162252
543 65 0.236882
376 149 0.747512
487 903 0.887784
344 784 0.145071
260 569 0.855597
581 588 0.720415
647 655 0.952129
311 480 0.610129
243 114 0.317048
115 807 0.978249
567 883 0.245295
151 217 0.76635
724 662 0.19739
691 94 0.0023369
245 602 0.947957
289 698 0.486069
365 516 0.0971201
911 96 0.620404
337 490 0.0654748
9 930 0.100712
257 465 0.765771
117 473 0.672119
952 163 0.781342
121 947 0.955424
371 270 0.747087
818 515 0.245448
799 873 0.113324
925 155 0.0541694
981 577 0.672873
681 25 0.575257
822 672 0.0146278
725 781 0.892554
314 124 0.0491109
204 691 0.342051
562 677 0.554488
703 294 0.548012
6 451 0.620436
768 954 0.434585
315 507 0.18765
583 93 0.297923
217 162 0.150268
652 114 0.722612
917 711 0.932297
873 654 0.107309
333 636 0.148175
176 293 0.893592
982 13 0.650706
942 27 0.926332
670 257 0.851259
247 610 0.448491
614 134 0.524479
937 125 0.786508
36 796 0.713245
21 673 0.926233
354 820 0.272629
825 919 0.622137
457 291 0.0674777
263 399 0.874064
890 255 0.0403924
893 281 0.773715
918 884 0.255248
31 94 0.932601
667 741 0.131792
33 777 0.473053
212 894 0.799031
765 798 0.231034
508 397 0.640133
372 58 0.750592
541 273 0.554564
58 125 0.551742
871 988 0.396502
233 520 0.145137
374 284 0.802709
890 618 0.0269289
606 463 0.683629
300 32 0.101409
973 363 0.00133476
916 645 0.466053
789 129 0.606098
709 231 0.79373
541 587 0.171637
79 834 0.415565
553 889 0.450836
119 987 0.362627
83 402 0.358264
358 964 0.246125
359 805 0.475241
246 452 0.75867
114 286 0.197286
746 784 0.61223
963 585 0.313416
698 662 0.883526
189 162 0.722468
898 570 0.590553
420 523 0.161234
228 190 0.846764
64 574 0.213672
2 107 0.372675
307 924 0.483784
821 156 0.528693
827 731 0.169926
884 656 0.152152
405 806 0.657854
862 506 0.380514
654 132 0.605076
606 511 0.532527
140 83 0.519165
596 910 0.394823
846 76 0.500648
168 331 0.510176
71 816 0.609073
134 163 0.349303
869 621 0.796272
669 287 0.612518
865 706 0.216303
826 238 0.937139
601 259 0.093506
821 157 0.747555
283 936 0.372147
253 508 0.937737
763 463 0.838212
886 128 0.534977
661 518 0.396756
226 356 0.604802
803 544 0.126739
118 651 0.522832
572 341 0.601974
56 412 0.425556
466 38 0.152304
140 726 0.568307
63 674 0.353155
882 177 0.0700799
599 985 0.323468
324 958 0.488395
650 310 0.977226
919 514 0.9545
930 91 0.102879
349 879 0.718733
171 175 0.403639
862 379 0.402617
38 622 0.941111
215 955 0.399749
179 468 0.943645
883 296 0.939755
298 319 0.330119
215 283 0.922348
792 532 0.0846232
445 669 0.0880002
810 708 0.939441
530 536 0.285019
503 572 0.511045
740 777 0.967076
182 848 0.194675
466 58 0.555595
522 176 0.0013468
92 948 0.618926
462 881 0.134059
811 19 0.599496
26 59 0.207929
983 582 0.861396
656 22 0.260405
320 507 0.978525
263 789 0.251154
70 592 0.497628
752 721 0.670413
229 195 0.376998
192 361 0.271254
355 684 0.238735
738 405 0.473085
708 314 0.0528032
377 65 0.636204
824 152 0.879816
979 996 0.338033
37 839 0.00794199
202 762 0.0287965
510 568 0.260424
671 61 0.580672
336 313 0.835135
380 584 0.59033
279 116 0.763224
871 254 0.0854986
34 257 0.423461
413 793 0.21765
497 959 0.497145
166 243 0.38461
776 875 0.936895
994 208 0.859016
266 448 0.577997
312 383 0.593705
881 771 0.145564
890 794 0.674822
450 82 0.780022
792 687 0.611897
629 438 0.361987
618 440 0.491967
863 922 0.271451
853 124 0.91832
258 820 0.875227
363 616 0.434497
654 268 0.666957
574 556 0.554056
317 72 0.987519
378 113 0.634515
713 539 0.496388
74 491 0.0219133
346 459 0.0335061
578 279 0.771421
784 896 0.684654
60 357 0.131852
34 78 0.235666
237 479 0.937102
563 872 0.30997
267 255 0.482017
895 89 0.94514
887 76 0.141009
485 441 0.820224
589 457 0.713547
54 0 0.900125
569 250 0.141341
904 984 0.869265
593 29 0.783504
541 419 0.159798
280 938 0.284143
401 770 0.831021
628 958 0.839674
359 972 0.536869
956 318 0.546668
613 298 0.969936
148 581 0.381929
788 392 0.743026
544 210 0.988268
354 684 0.817305
293 71 0.988767
33 224 0.306426
167 970 0.613352
270 948 0.916135
63 569 0.159108
554 422 0.237135
218 253 0.126287
718 323 0.159583
132 92 0.656166
85 364 0.663722
232 754 0.915632
678 802 0.132528
170 60 0.982976
448 943 0.391651
538 231 0.630858
716 26 0.360926
216 91 0.311971
519 1 0.831544
988 661 0.0230293
893 915 0.13347
640 62 0.830885
89 938 0.693638
620 642 0.0041271
12 282 0.554315
833 457 0.254406
315 958 0.564981
703 302 0.658363
282 101 0.94969
156 804 0.338774
354 258 0.190122
485 357 0.811505
559 705 0.436032
698 237 0.981308
332 869 0.316741
670 96 0.65777
272 352 0.879484
494 698 0.698264
252 9 0.0879789
650 34 0.363036
509 230 0.16833
845 476 0.465155
131 776 0.54702
586 700 0.841042
795 542 0.47922
138 674 0.539506
978 646 0.141103
351 80 0.446996
968 482 0.358111
896 812 0.635962
340 309 0.58665
668 345 0.88984
648 764 0.0370879
91 194 0.80971
995 600 0.890299
770 238 0.547769
396 908 0.563055
79 979 0.451624
106 175 0.158531
504 453 0.726861
905 649 0.384384
695 176 0.685592
906 338 0.40828
502 324 0.453661
302 757 0.902624
26 917 0.166668
493 602 0.389904
902 643 0.69078
229 620 0.790189
361 260 0.242549
94 521 0.320314
239 736 0.540214
103 950 0.258588
70 527 0.798119
765 566 0.906806
635 485 0.0098203
652 67 0.858194
442 128 0.944183
434 106 0.520459
329 686 0.3007
796 440 0.238209
661 846 0.331116
368 787 0.39207
100 138 0.69103
104 586 0.798489
532 51 0.0128877
434 340 0.184016
409 682 0.887867
739 746 0.542916
398 310 0.90709
257 51 0.809553
571 939 0.962884
978 119 0.182512
740 298 0.395506
803 86 0.388719
95 923 0.529636
907 192 0.636322
124 806 0.0937901
7 204 0.349798
186 222 0.835565
827 408 0.305937
460 497 0.34765
235 730 0.900373
641 102 0.686331
133 105 0.637628
852 826 0.349129
404 17 0.0361099
525 677 0.176292
593 974 0.582141
578 627 0.626103
646 186 0.453022
221 222 0.728171
808 6 0.179946
284 59 0.959752
940 591 0.845096
45 867 0.936328
853 289 0.967994
838 877 0.900768
251 256 0.15945
772 230 0.729104
418 745 0.567802
117 927 0.060441
371 638 0.14199
145 782 0.811799
932 870 0.284052
501 283 0.275985
610 827 0.524678
618 237 0.696736
191 51 0.944057
892 908 0.821924
991 651 0.208617
490 782 0.672219
2 440 0.432861
225 238 0.745561
949 276 0.903326
131 590 0.187954
286 71 0.333702
387 358 0.532313
599 478 0.650656
916 84 0.548622
300 833 0.941905
961 311 0.996736
154 712 0.141086
686 270 0.796005
855 382 0.370477
552 291 0.0913903
794 653 0.51089
415 390 0.837452
219 85 0.96184
497 269 0.22532
272 858 0.571253
540 254 0.437149
375 867 0.231958
537 513 0.387124
73 89 0.986426
702 872 0.646888
392 826 0.836029
170 320 0.527598
679 566 0.499143
588 120 0.713662
57 692 0.809784
205 406 0.130245
401 535 0.750389
880 31 0.889029
994 757 0.62396
997 849 0.994151
987 274 0.800422
556 738 0.884828
680 539 0.423865
81 0 0.985425
644 646 0.0124261
716 981 0.804348
876 460 0.509001
681 103 0.846567
659 993 0.283739
584 87 0.138701
747 621 0.45293
765 751 0.256527
705 781 0.617336
221 526 0.0941444
102 913 0.850055
408 55 0.830085
93 75 0.0237821
838 366 0.924799
369 211 0.0984859
52 145 0.958605
139 623 0.677485
494 865 0.732149
420 523 0.746996
704 502 0.603536
606 720 0.957731
5 917 0.0815337
474 495 0.125227
948 752 0.840765
131 333 0.462167
526 481 0.828275
196 264 0.381422
412 821 0.0525083
926 755 0.656284
323 550 0.372034
83 674 0.828185
336 690 0.811701
210 749 0.525886
77 67 0.625446
330 237 0.0670501
93 212 0.292509
35 347 0.329822
398 316 0.828199
77 808 0.665351
534 508 0.263672
572 419 0.347549
790 622 0.824749
677 959 0.898235
524 916 0.625921
535 224 0.810977
488 590 0.995152
254 219 0.964268
905 417 0.99086
418 488 0.0738786
771 582 0.954623
888 691 0.120409
540 155 0.869923
628 918 0.466726
955 315 0.76694
608 538 0.862029
517 825 0.754515
716 674 0.312861
127 349 0.426575
706 559 0.862859
708 115 0.282075
299 550 0.736361
193 245 0.00917149
331 447 0.170377
39 957 0.0599914
934 912 0.306858
110 971 0.252924
994 606 0.672104
761 172 0.776106
259 753 0.266049
247 254 0.575447
123 749 0.171055
894 144 0.379687
368 105 0.230045
455 470 0.141311
100 384 0.36323
209 162 0.242515
811 239 0.416389
165 996 0.641803
193 290 0.441296
15 678 0.881151
860 210 0.801113
238 37 0.826255
553 387 0.0669153
129 932 0.566906
422 780 0.256275
543 829 0.507026
18 195 0.685305
635 275 0.701022
984 280 0.879735
971 859 0.0497503
614 538 0.991444
414 895 0.373551
694 695 0.0245406
12 681 0.136577
875 576 0.204831
935 52 0.943171
368 324 0.224059
209 189 0.560952
210 533 0.341889
844 936 0.612514
423 363 0.440275
814 415 0.764002
548 118 0.0803872
999 484 0.873384
68 159 0.126563
98 833 0.869215
574 503 0.0427322
454 722 0.855693
428 818 0.173366
117 989 0.806079
798 581 0.354407
874 90 0.233081
747 456 0.216852
385 225 0.255291
931 734 0.395545
153 904 0.570525
679 693 0.248737
306 520 0.196606
863 223 0.508607
154 362 0.20105
696 665 0.322561
196 744 0.722227
196 322 0.569953
226 327 0.699592
558 841 0.150908
571 275 0.998574
622 30 0.310053
959 658 0.294841
915 360 0.913292
134 185 0.15052
188 309 0.873953
240 561 0.590259
258 750 0.919929
733 734 0.81566
577 282 0.663886
954 663 0.422427
630 653 0.317547
247 955 0.911349
563 782 0.0787773
82 913 0.690495
534 831 0.5854
995 314 0.0913055
751 7 0.455423
800 301 0.369928
900 735 0.598933
373 162 0.587199
773 66 0.683812
791 594 0.455369
426 513 0.872194
43 147 0.857311
675 665 0.490293
791 767 0.242638
184 636 0.705425
504 3 0.250967
62 545 0.898717
364 165 0.593276
999 598 0.22967
602 698 0.873749
617 454 0.548509
465 499 0.764299
919 518 0.264288
906 844 0.962625
728 591 0.292714
812 911 0.121785
694 971 0.885596
213 124 0.38812
72 574 0.256857
452 345 0.883496
918 997 0.185279
556 644 0.756803
928 438 0.515145
393 292 0.70004
17 621 0.806622
374 112 0.934096
359 760 0.953704
336 596 0.836264
552 582 0.0560477
389 687 0.415125
441 309 0.226717
429 775 0.358004
925 686 0.159108
290 207 0.688769
758 555 0.971299
396 738 0.670411
287 312 0.166192
576 897 0.743934
944 603 0.397479
729 912 0.0523634
38 853 0.107234
911 636 0.912263
817 628 0.792876
864 722 0.249802
769 239 0.880215
288 872 0.910997
338 497 0.42542
104 92 0.444775
924 685 0.55976
978 474 0.904677
144 476 0.355351
235 206 0.925746
984 474 0.994673
961 607 0.634099
561 878 0.10867
111 657 0.920175
833 657 0.782459
127 468 0.732685
192 18 0.363098
402 367 0.387853
190 468 0.661067
136 190 0.659881
181 375 0.36466
4 64 0.141195
748 560 0.630148
635 609 0.701809
551 998 0.85432
265 74 0.688172
424 957 0.433623
420 621 0.0230837
166 233 0.731159
328 741 0.369329
313 553 0.520439
927 743 0.180199
742 886 0.418701
140 346 0.0701055
976 397 0.0098345
236 568 0.0343444
723 802 0.107014
59 880 0.374261
542 304 0.170705
46 382 0.915945
549 833 0.403544
362 389 0.0275368
566 921 0.271721
726 133 0.808948
360 90 0.894459
206 638 0.999893
769 627 0.550446
192 958 0.432281
637 32 0.165302
868 425 0.969832
174 927 0.307032
842 964 0.419458
570 152 0.690256
498 717 0.358897
912 901 0.463159
419 562 0.433707
12 128 0.924401
764 109 0.974782
252 178 0.192158
266 189 0.431894
983 218 0.939517
216 20 0.187179
689 383 0.664947
130 985 0.410926
423 617 0.0634623
94 512 0.374281
829 15 0.452316
909 178 0.668144
432 423 0.513905
651 458 0.105503
563 35 0.451561
925 819 0.793615
973 436 0.772532
380 444 0.336453
872 210 0.279604
564 941 0.526544
299 591 0.00501023
224 92 0.407551
969 402 0.201197
966 728 0.0674548
619 689 0.789632
350 773 0.183172
999 684 0.785799
247 464 0.0880817
261 266 0.634062
97 32 0.522035
879 358 0.4473
327 724 0.245456
263 223 0.610926
367 470 0.913311
676 876 0.794342
413 823 0.537418
631 345 0.0707348
712 13 0.48105
888 646 0.673787
997 4 0.963512
278 431 0.952041
799 226 0.289819
36 914 0.934712
599 214 0.135951
576 167 0.126643
787 589 0.567668
937 439 0.174521
1 998 0.256244
930 53 0.430527
374 975 0.892599
832 109 0.0924444
704 191 0.0983848
549 47 0.243245
20 126 0.812848
319 332 0.999522
562 430 0.761565
249 152 0.409192
681 711 0.739418
507 71 0.589336
47 676 0.244788
386 748 0.929206
920 126 0.165062
326 588 0.222328
35 303 0.701065
437 854 0.69102
332 740 0.433479
156 854 0.82092
745 856 0.226874
647 756 0.818894
858 632 0.965586
675 244 0.506062
991 551 0.488155
534 693 0.288599
822 435 0.309016
672 936 0.462085
357 439 0.460248
122 49 0.821504
91 139 0.828268
421 960 0.220205
695 974 0.227069
615 555 0.804455
306 331 0.715178
128 289 0.76673
717 983 0.633627
976 578 0.909441
241 732 0.144602
608 307 0.165715
415 648 0.683204
24 59 0.0534552
351 920 0.403716
966 248 0.933681
30 704 0.811538
13 383 0.454923
265 57 0.213299
892 325 0.303044
10 610 0.528901
763 575 0.434355
449 985 0.967374
14 405 0.988579
818 913 0.698766
831 338 0.665366
823 311 0.428103
396 269 0.745801
317 248 0.79865
442 634 0.214856
60 405 0.41363
477 630 0.14029
608 135 0.592821
250 335 0.590977
844 949 0.0484018
634 33 0.682185
986 405 0.52386
91 446 0.332973
277 398 0.25235
157 430 0.110385
281 814 0.914969
162 764 0.382073
928 355 0.824297
479 840 0.816985
899 652 0.459684
366 403 0.537252
306 948 0.926117
159 230 0.505555
507 460 0.980856
827 805 0.958995
7 849 0.151059
658 615 0.388894
403 308 0.665047
970 986 0.689359
869 370 0.0184524
749 778 0.905348
346 658 0.84853
690 988 0.0241048
611 68 0.487524
313 543 0.810982
619 344 0.45189
98 521 0.834784
16 852 0.437837
549 984 0.971417
458 717 0.664667
757 868 0.393166
410 640 0.488758
719 941 0.506658
171 41 0.880802
587 299 0.210876
595 275 0.694376
411 513 0.549499
679 483 0.919072
161 291 0.952561
59 231 0.675417
605 383 0.569054
251 952 0.547549
559 177 0.706156
444 234 0.461161
841 616 0.431631
485 102 0.41301
803 725 0.159106
804 157 0.490545
86 840 0.458726
352 456 0.878702
421 169 0.410839
420 514 0.843821
888 173 0.173662
685 45 0.548721
74 341 0.890848
243 628 0.279111
479 123 0.0726941
305 385 0.534395
60 962 0.8057
14 793 0.169449
613 481 0.12189
276 297 0.755435
487 477 0.630085
109 834 0.0664127
521 183 0.167288
446 929 0.802404
895 755 0.824924
763 382 0.650037
218 185 0.592714
308 537 0.481499
639 47 0.413926
995 829 0.00855924
806 337 0.297903
980 278 0.0601192
100 859 0.49829
957 693 0.975748
116 142 0.970457
343 150 0.202711
388 850 0.72309
571 169 0.0415368
429 125 0.150704
554 420 0.479611
578 373 0.129004
743 953 0.749799
767 680 0.341069
511 916 0.323725
989 734 0.496222
95 764 0.564958
575 944 0.384473
669 725 0.155871
977 947 0.995766
968 266 0.689426
122 453 0.163215
946 815 0.682398
445 700 0.754868
979 640 0.962404
700 395 0.875194
501 399 0.749447
788 322 0.38107
57 804 0.686338
917 883 0.393267
946 22 0.606204
481 304 0.903343
113 308 0.38233
707 966 0.561677
153 504 0.552071
735 753 0.322521
480 667 0.145283
880 790 0.427038
5 474 0.115353
743 681 0.6281
751 360 0.481856
316 776 0.927378
536 975 0.607519
638 835 0.859894
943 350 0.500763
202 99 0.198605
671 640 0.918999
806 334 0.46276
807 139 0.770288
450 395 0.521778
972 759 0.149801
158 785 0.707899
860 774 0.449664
491 118 0.785393
288 867 0.30895
11 668 0.507886
542 172 0.780085
315 436 0.824098
443 308 0.156953
450 370 0.223089
193 943 0.231495
387 202 0.908688
561 517 0.919534
281 377 0.498616
641 302 0.540019
604 584 0.182751
67 797 0.261043
904 200 0.253079
399 653 0.23811
519 335 0.790075
918 666 0.592781
921 822 0.398668
423 342 0.728611
618 979 0.525905
763 489 0.603668
530 934 0.957219
920 839 0.341269
464 325 0.926821
293 965 0.264852
246 23 0.965814
682 347 0.44551
774 404 0.0316387
368 894 0.481074
538 223 0.970083
749 784 0.589069
147 587 0.482986
633 192 0.872647
416 580 0.281767
269 739 0.754265
762 106 0.970629
482 783 0.784197
794 649 0.342624
879 795 0.341198
234 309 0.158152
506 264 0.768773
554 355 0.0685419
898 42 0.0220556
992 724 0.489942
276 846 0.306271
364 226 0.540571
687 288 0.488218
861 899 0.591859
895 852 0.0285881
148 287 0.723685
752 580 0.610226
48 256 0.193438
16 432 0.964311
480 14 0.405603
44 898 0.131465
510 14 0.589459
88 837 0.334752
769 825 0.398386
475 296 0.654072
824 244 0.992445
305 671 0.860632
654 721 0.392088
58 484 0.987901
431 705 0.713837
535 321 0.832765
95 486 0.115322
488 370 0.511123
277 691 0.849785
125 847 0.896741
807 291 0.580628
607 662 0.828158
719 544 0.0774966
334 8 0.465215
34 647 0.877195
88 130 0.954252
137 119 0.720889
56 493 0.344266
770 924 0.939401
779 824 0.456239
433 339 0.490817
35 902 0.812946
758 90 0.952276
800 372 0.33925
769 242 0.20766
62 70 0.376273
877 595 0.0552307
648 385 0.0957734
154 234 0.474803
203 395 0.398157
950 901 0.0398548
246 771 0.786091
761 981 0.183901
775 738 0.0671631
655 661 0.0885987
212 637 0.560418
338 729 0.0304497
75 399 0.737401
183 899 0.816375
153 441 0.878911
183 867 0.925545
750 181 0.780503
340 889 0.0202217
959 569 0.254938
622 481 0.471883
973 36 0.171768
600 11 0.442111
283 998 0.511817
481 276 0.0845792
472 779 0.181507
52 349 0.351603
870 61 0.878717
554 738 0.0767237
104 478 0.64697
689 353 0.968592
525 349 0.285944
663 620 0.182481
643 307 0.334529
892 425 0.297907
328 194 0.684861
347 699 0.784662
377 763 0.167893
567 800 0.22862
894 730 0.297758
952 903 0.167139
971 782 0.475813
956 296 0.168747
931 498 0.285779
565 410 0.684021
353 730 0.610097
547 597 0.713512
243 525 0.249432
64 486 0.976649
389 3 0.087859
839 66 0.0709468
84 691 0.290061
153 166 0.566122
861 792 0.935086
409 177 0.146373
215 877 0.559163
983 729 0.984038
775 187 0.84418
928 424 0.287078
945 482 0.505668
611 430 0.398561
546 944 0.626606
181 844 0.945498
702 885 0.552656
847 644 0.658885
902 830 0.841824
164 756 0.684518
762 989 0.0508916
917 871 0.17103
259 870 0.34205
668 914 0.538641
180 868 0.876536
177 728 0.774974
78 552 0.293935
427 493 0.292047
668 950 0.477248
395 970 0.201134
186 849 0.355999
246 171 0.536716
991 880 0.990303
508 168 0.0175178
62 352 0.51577
582 723 0.744436
731 534 0.927401
206 956 0.652654
903 106 0.36224
522 620 0.104616
753 239 0.965484
690 466 0.899169
676 431 0.604941
822 253 0.640229
401 343 0.426409
79 858 0.715036
509 866 0.596061
187 68 0.477173
737 864 0.848972
444 343 0.480943
117 688 0.690315
652 855 0.983896
87 440 0.636055
85 179 0.62039
435 330 0.0404156
158 856 0.459889
345 38 0.53213
831 163 0.512337
573 304 0.00387136
596 935 0.790744
526 831 0.789668
539 432 0.433104
150 397 0.687548
710 244 0.926925
445 8 0.408001
449 439 0.254346
282 242 0.315948
803 342 0.621481
965 641 0.0688539
639 449 0.337185
816 659 0.441913
289 227 0.782926
847 589 0.0961182
590 438 0.429756
172 211 0.466708
719 561 0.283019
115 160 0.383684
339 684 0.96776
292 339 0.270752
143 533 0.590616
675 728 0.16765
842 645 0.45697
281 15 0.825255
637 588 0.183101
207 215 0.37438
41 381 0.18568
887 490 0.635436
67 222 0.0827043
144 227 0.113238
108 750 0.36684
340 180 0.512761
950 951 0.858565
584 873 0.465216
982 2 0.57798
334 72 0.0696997
815 452 0.0744906
133 372 0.76168
765 643 0.57634
573 820 0.137049
619 909 0.0105145
579 933 0.970294
701 596 0.881976
489 962 0.0101273
846 128 0.872651
464 631 0.979699
721 233 0.998617
697 391 0.603489
545 795 0.974415
463 27 0.576054
108 813 0.477075
163 286 0.629798
353 710 0.136057
664 963 0.761335
626 422 0.80585
529 790 0.290695
285 779 0.929095
726 296 0.00683027
727 300 0.0659127
977 535 0.477714
624 494 0.286059
905 99 0.750093
739 88 0.529522
2 922 0.509385
484 204 0.305874
167 851 0.317448
32 611 0.675208
673 594 0.184676
517 807 0.986539
458 834 0.827786
363 469 0.0821161
233 134 0.698895
201 197 0.797489
750 533 0.050805
832 806 0.146796
830 832 0.360506
957 697 0.918118
675 981 0.651074
848 389 0.714916
244 93 0.258241
356 193 0.0862553
865 197 0.448584
682 572 0.360545
225 318 0.0780342
160 484 0.0562764
840 83 0.920053
136 647 0.888507
582 985 0.257232
938 41 0.911833
127 121 0.00967836
686 456 0.53345
570 546 0.0160294
317 593 0.929727
510 743 0.722776
845 593 0.525728
39 250 0.528036
731 312 0.381238
974 781 0.953615
962 936 0.0729433
498 402 0.416252
791 313 0.883244
797 81 0.515437
926 39 0.141253
559 998 0.798735
180 930 0.487173
771 362 0.565199
265 557 0.627524
416 261 0.499066
980 268 0.198251
923 715 0.170017
976 995 0.897632
180 54 0.597759
677 732 0.645516
311 881 0.971801
869 610 0.174096
276 41 0.877564
624 249 0.0348239
346 429 0.0494951
220 854 0.724542
364 89 0.631773
402 929 0.688755
767 453 0.636161
611 54 0.20894
724 461 0.811902
275 641 0.550357
126 519 0.255311
772 447 0.256163
261 649 0.219427
857 863 0.159395
447 885 0.735267
27 558 0.368022
132 609 0.853566
946 842 0.223005
195 96 0.0325944
863 980 0.491006
557 137 0.149528
785 189 0.93584
497 813 0.639811
705 527 0.0924098
825 409 0.543538
278 639 0.362107
521 660 0.815715
396 8 0.759182
537 900 0.0245934
25 176 0.192981
528 829 0.908936
777 826 0.275821
697 23 0.348837
908 741 0.0231539
166 174 0.550069
484 875 0.794016
647 330 0.749347
102 872 0.450686
701 633 0.57142
656 832 0.183903
19 664 0.948674
648 722 0.0614554
560 696 0.735551
379 61 0.448089
612 921 0.328622
201 860 0.995632
942 304 0.977136
609 506 0.318593
629 473 0.314468
532 597 0.856527
376 713 0.103012
178 598 0.868169
279 626 0.550262
978 938 0.275379
344 285 0.171579
921 230 0.315993
168 559 0.76722
214 87 0.318304
28 389 0.957036
132 528 0.749201
656 729 0.446004
410 680 0.958323
617 227 0.571449
528 164 0.412433
209 714 0.341261
171 973 0.146659
219 734 0.996742
620 852 0.6244
889 194 0.64693
657 490 0.229142
224 158 0.700717
718 499 0.490978
632 926 0.335135
619 919 0.957276
494 954 0.860833
723 151 0.0166874
748 203 0.880008
931 467 0.546569
384 922 0.884299
886 116 0.229399
179 471 0.888398
742 414 0.809813
137 897 0.733965
348 158 0.6761
623 701 0.888308
403 884 0.5288
400 53 0.0904031
318 796 0.410676
914 353 0.787365
862 154 0.878366
415 29 0.0985827
326 240 0.0584823
298 429 0.99994
737 374 0.851589
36 605 0.562834
459 932 0.028376
696 515 0.473346
565 535 0.489614
988 996 0.119666
542 373 0.662672
603 119 0.419318
236 261 0.0450414
25 580 0.490938
761 967 0.421823
115 937 0.403667
45 371 0.520613
696 737 0.20942
987 183 0.836572
445 573 0.0692913
435 906 0.857341
506 607 0.727623
650 722 0.309718
642 843 0.498791
43 483 0.196059
630 12 0.0347654
915 530 0.1869
653 199 0.473797
242 840 0.417147
488 285 0.484787
711 111 0.255951
301 760 0.398094
467 627 0.653968
155 942 0.602525
48 673 0.783067
775 586 0.738059
982 663 0.771094
120 715 0.010703
414 678 0.797599
97 169 0.642376
351 55 0.259024
48 496 0.085572
394 503 0.932575
326 421 0.157017
903 213 0.498825
505 611 0.485371
69 18 0.192676
371 772 0.70293
174 508 0.534499
267 316 0.737728
657 489 0.423461
455 894 0.362526
632 400 0.0152011
279 926 0.757497
101 409 0.50396
270 381 0.985021
86 688 0.756456
167 295 0.586052
443 391 0.778745
569 198 0.206033
141 123 0.857825
963 874 0.0907574
556 729 0.525289
46 600 0.547847
99 851 0.708092
148 454 0.586212
585 654 0.248493
629 706 0.765767
783 828 0.727715
584 742 0.787157
40 418 0.877975
258 890 0.303617
786 801 0.82738
365 523 0.579963
587 469 0.977031
318 953 0.966176
489 555 0.301978
711 907 0.411772
734 893 0.457565
377 875 0.885075
943 352 0.997815
577 98 0.703326
263 794 0.0260032
130 769 0.302177
706 163 0.869517
741 655 0.355833
291 462 0.294923
617 995 0.203867
196 864 0.529897
447 992 0.859867
77 146 0.708383
68 403 0.0719376
239 674 0.654322
217 700 0.644072
781 52 0.810683
545 503 0.961358
533 498 0.460084
362 721 0.495565
320 451 0.994204
188 407 0.339296
16 211 0.2856
39 372 0.217431
710 177 0.388389
522 439 0.0190523
528 605 0.154318
189 635 0.190071
576 228 0.58571
669 129 0.570547
53 465 0.249965
28 161 0.403707
909 866 0.169182
461 222 0.587486
428 651 0.344803
930 57 0.513722
322 571 0.627763
134 878 0.52021
725 658 0.318179
663 28 0.92636
925 378 0.979696
951 515 0.650519
468 860 0.151593
623 42 0.190509
730 951 0.918775
581 851 0.476524
47 13 0.877349
871 306 0.5957
43 451 0.344842
136 482 0.906169
601 7 0.344623
824 976 0.854259
472 570 0.918108
3 766 0.419814
913 857 0.819273
251 186 0.776827
597 160 0.608468
65 42 0.77565
113 271 0.0871917
922 126 0.58861
951 595 0.807758
351 33 0.995471
692 797 0.136563
472 3 0.835178
626 60 0.287407
843 443 0.709058
188 142 0.668484
23 747 0.00093122
790 731 0.359359
746 101 0.458215
911 345 0.660415
595 455 0.0231925
761 141 0.918233
653 412 0.0991127
136 560 0.280594
747 146 0.796174
877 24 0.381907
656 747 0.905404
252 453 0.437373
45 10 0.69059
589 631 0.821051
780 209 0.603667
378 355 0.724591
570 213 0.688676
662 84 0.0812964
855 264 0.18456
200 993 0.0871572
126 999 0.275924
564 20 0.400981
84 336 0.573163
683 733 0.0405412
19 283 0.0182982
913 564 0.749674
754 367 0.8339
372 861 0.109607
216 227 0.26853
704 547 0.835494
470 436 0.581003
220 388 0.447983
836 356 0.621824
143 167 0.820763
316 432 0.294563
311 33 0.516011
26 908 0.217683
612 419 0.254568
992 990 0.762788
333 487 0.656213
69 548 0.35137
994 817 0.476742
323 27 0.419326
295 335 0.348571
478 164 0.909716
96 110 0.810677
548 997 0.78466
923 946 0.557851
50 419 0.128642
519 768 0.672919
446 762 0.995019
776 100 0.621494
513 755 0.0340679
155 999 0.356886
711 55 0.781458
179 733 0.554476
526 0 0.577171
896 813 0.658353
327 89 0.594456
767 881 0.968139
208 113 0.0156366
615 242 0.803904
480 331 0.532187
44 694 0.279762
666 213 0.0842522
370 70 0.813747
280 471 0.578588
699 835 0.810932
243 194 0.203554
796 933 0.610697
442 551 0.47329
719 385 0.283365
35 422 0.610118
941 66 0.902341
499 969 0.480739
361 221 0.184178
893 679 0.275408
121 613 0.278341
791 588 0.88948
934 901 0.317937
160 505 0.683951
115 121 0.635213
489 866 0.32212
512 950 0.434673
803 415 0.54115
907 683 0.163038
84 173 0.767379
44 544 0.231961
63 97 0.804668
500 525 0.789279
255 542 0.631507
767 795 0.900965
524 248 0.812371
83 390 0.401807
902 575 0.349003
714 31 0.112757
146 214 0.898964
337 235 0.984497
53 88 0.0718098
141 380 0.329364
947 191 0.640316
788 99 0.25311
41 111 0.380097
212 443 0.246801
108 365 0.579932
968 185 0.626137
205 909 0.6124
975 120 0.223248
600 462 0.0199583
723 700 0.694737
690 823 0.412615
256 849 0.668636
740 408 0.696664
939 819 0.448691
54 949 0.128468
37 350 0.541967
737 498 0.107659
757 814 0.692549
565 320 0.291137
18 989 0.555007
314 882 0.0685077
731 688 0.559876
974 22 0.157291
836 341 0.166615
207 214 0.106357
652 138 0.156232
227 166 0.129767
676 182 0.487424
396 808 0.35729
552 433 0.876376
16 658 0.296175
44 754 0.332143
4 426 0.234957
333 249 0.231985
99 842 0.669073
594 971 0.654255
307 768 0.746584
558 539 0.367359
48 661 0.387998
531 676 0.788817
929 100 0.617515
386 785 0.247115
259 223 0.89188
664 727 0.392496
924 410 0.46919
856 230 0.577483
903 139 0.207612
447 787 0.800678
891 168 0.00301762
492 709 0.317808
479 182 0.172237
310 812 0.0797731
469 58 0.252335
625 81 0.488014
876 423 0.836054
512 50 0.214713
517 614 0.457998
51 238 0.358872
878 682 0.0336528
347 465 0.278687
716 580 0.434623
292 606 0.892845
801 318 0.289343
605 198 0.741607
43 414 0.561926
272 148 0.99303
431 334 0.800666
305 187 0.208499
789 442 0.849641
343 571 0.115623
969 412 0.254821
701 308 0.277479
500 40 0.179253
621 23 0.647415
182 828 0.0421111
592 188 0.0732209
527 175 0.568153
697 236 0.0748388
504 241 0.980335
755 712 0.56568
300 992 0.582199
805 952 0.946159
413 468 0.724933
870 886 0.51057
687 290 0.244161
426 255 0.415675
191 693 0.460234
762 464 0.748752
417 775 0.554791
313 298 0.36055
381 138 0.424154
522 834 0.442796
286 966 0.119666
485 269 0.67054
348 636 0.0669925
983 406 0.392842
338 785 0.121384
859 427 0.961992
397 407 0.767619
175 745 0.908296
321 330 0.708797
214 54 0.184667
317 718 0.688447
890 878 0.380358
854 428 0.711828
544 132 0.0380628
723 940 0.533397
772 929 0.0319836
437 380 0.804033
302 868 0.848777
124 373 0.247986
284 144 0.661373
666 566 0.900628
997 435 0.278228
616 667 0.463214
46 104 0.15277
901 63 0.725573
52 516 0.517769
766 231 0.20867
200 4 0.230274
137 165 0.33892
8 730 0.21334
835 310 0.90708
454 2 0.268089
713 694 0.669469
516 966 0.362507
491 428 0.292166
217 366 0.851344
986 873 0.13575
289 66 0.601812
800 891 0.872233
649 455 0.378271
957 838 0.600971
114 404 0.301255
531 168 0.179472
967 294 0.995497
152 977 0.73911
55 987 0.495412
76 88 0.913835
205 23 0.0176431
634 274 0.386594
821 946 0.0879046
736 272 0.402831
709 576 0.170051
26 256 0.317358
118 873 0.788912
108 813 0.575321
546 817 0.244627
967 628 0.761735
625 399 0.596112
361 56 0.986839
147 25 0.324457
240 547 0.748133
977 935 0.160343
941 215 0.763078
623 525 0.629664
862 262 0.29025
437 940 0.33159
364 615 0.651642
375 49 0.297081
670 522 0.584518
783 24 0.442441
290 702 0.523139
153 598 0.327676
882 732 0.688201
875 604 0.229227
847 513 0.552261
518 822 0.331646
836 727 0.7872
346 73 0.630856
78 728 0.176826
863 672 0.150865
944 912 0.756091
303 478 0.347378
379 627 0.595449
953 149 0.536661
191 413 0.586535
147 761 0.931023
475 229 0.667797
898 277 0.668
49 363 0.692162
809 842 0.15856
884 285 0.34913
197 976 0.78711
558 378 0.569897
809 947 0.473119
641 776 0.274696
130 509 0.747949
87 564 0.743986
563 543 0.753979
660 904 0.439339
387 67 0.974959
470 512 0.977357
869 269 0.583315
30 874 0.551624
810 848 0.638071
337 809 0.996309
883 430 0.428712
679 171 0.115739
928 655 0.70346
251 585 0.232727
785 562 0.789582
888 617 0.472896
375 185 0.622152
896 469 0.590257
462 172 0.795033
549 165 0.359148
217 768 0.489978
149 164 0.937139
601 80 0.0615887
520 12 0.279066
897 817 0.537981
112 142 0.82228
868 779 0.783292
218 896 0.503148
262 918 0.293069
448 726 0.908835
583 871 0.136777
453 460 0.447963
111 161 0.951191
668 228 0.380797
295 232 0.632911
327 982 0.846754
324 945 0.711707
612 271 0.3655
963 850 0.16848
248 958 0.547468
97 773 0.579903
740 521 0.444347
480 557 0.25049
933 536 0.146211
686 10 0.518097
348 486 0.0144283
990 753 0.346994
891 411 0.466048
505 630 0.643776
819 837 0.487078
195 932 0.117661
323 428 0.191414
438 643 0.280189
779 642 0.641006
506 601 0.590808
625 590 0.662549
529 82 0.171435
580 137 0.415767
941 282 0.268259
594 321 0.896045
520 401 0.706008
820 394 0.767448
422 504 0.882722
182 391 0.628516
947 332 0.941836
273 771 0.0971069
221 719 0.72253
511 358 0.460426
28 705 0.999151
826 579 0.0914024
765 603 0.334379
713 841 0.714327
109 981 0.658
541 592 0.424836
585 710 0.16552
838 619 0.202208
116 353 0.953235
31 93 0.708004
412 32 0.602784
14 390 0.834651
637 702 0.155621
329 815 0.823337
407 75 0.587449
169 240 0.592402
391 233 0.73287
206 744 0.569135
760 73 0.853665
991 473 0.339299
733 613 0.934439
788 495 0.487673
874 90 0.0657847
715 457 0.882889
125 197 0.289648
802 187 0.240111
758 321 0.0690529
527 645 0.512245
702 199 0.0668304
149 397 0.719581
46 900 0.861901
940 265 0.466436
592 253 0.143907
205 1 0.77669
237 240 0.130289
475 393 0.744636
34 262 0.585965
975 236 0.434769
759 660 0.529616
471 599 0.771369
707 900 0.826481
882 133 0.464263
492 386 0.772662
528 267 0.416851
667 577 0.784931
469 475 0.28895
201 321 0.78857
809 50 0.0604404
371 745 0.619387
107 979 0.236274
538 331 0.204194
603 264 0.920184
98 343 0.468633
245 685 0.898324
188 470 0.502319
597 939 0.977057
916 825 0.360374
502 22 0.820359
201 841 0.908623
300 250 0.0504792
429 384 0.0918163
307 107 0.314851
694 253 0.21918
249 315 0.061937
5 64 0.983474
964 109 0.0483861
531 541 0.911423
949 531 0.214056
491 463 0.889476
657 879 0.257412
297 777 0.383281
170 369 0.749357
889 68 0.156193
690 501 0.310542
961 424 0.577741
550 274 0.500523
823 40 0.559962
672 173 0.597079
312 271 0.503933
692 209 0.544583
199 906 0.843688
801 736 0.833787
666 398 0.832409
73 878 0.697586
104 748 0.796475
643 835 0.248004
631 190 0.283355
121 939 0.182669
712 787 0.881265
437 222 0.321446
612 548 0.544753
972 725 0.749696
786 378 0.979241
929 693 0.925022
634 629 0.945945
614 768 0.573714
56 714 0.668738
865 323 0.503419
500 487 0.704678
265 637 0.995437
416 57 0.638499
968 325 0.194873
449 295 0.786703
150 287 0.250797
21 151 0.913712
583 651 0.315412
11 520 0.931579
568 841 0.757748
517 772 0.877542
549 856 0.870028
678 812 0.262091
922 568 0.854183
158 616 0.94551
516 85 0.7508
993 487 0.803882
876 432 0.506638
436 164 0.805402
900 955 0.0724216
708 985 0.783498
87 756 0.90904
401 277 0.497517
274 533 0.91019
540 586 0.474602
203 951 0.865768
848 791 0.170368
688 615 0.228952
302 56 0.741674
644 561 0.783777
159 141 0.0128769
915 579 0.411413
752 392 0.0470488
301 970 0.192327
543 278 0.808397
599 645 0.851459
384 848 0.189898
373 609 0.252255
575 837 0.466991
880 244 0.116659
406 361 0.22488
462 381 0.323823
954 206 0.224539
659 229 0.200918
509 21 0.0442994
110 604 0.525498
986 558 0.419987
671 857 0.0836383
777 408 0.821982
301 670 0.355995
108 375 0.610897
608 604 0.838956
583 75 0.621689
905 530 0.967174
795 745 0.513289
759 441 0.754101
786 467 0.820195
24 616 0.99274
735 707 0.871198
293 483 0.629325
112 111 0.828392
911 773 0.961982
923 688 0.906675
98 642 0.655754
774 287 0.79669
448 669 0.0920001
490 320 0.769953
664 472 0.967815
744 510 0.338015
61 260 0.567243
421 51 0.21564
884 154 0.312553
179 226 0.707848
650 598 0.520801
365 774 0.153231
112 342 0.891142
623 140 0.651735
612 273 0.645336
347 914 0.35367
15 303 0.633529
259 716 0.212769
417 112 0.328133
50 633 0.298464
15 935 0.243684
809 563 0.0215895
341 659 0.148286
967 376 0.30994
816 699 0.781782
138 993 0.947103
519 392 0.546131
602 507 0.842294
152 328 0.265494
727 859 0.83546
39 956 0.105688
13 684 0.300242
501 451 0.412948
348 539 0.416641
220 427 0.638025
805 74 0.4083
846 388 0.80584
130 241 0.2118
183 382 0.653255
493 73 0.917369
789 19 0.216393
819 677 0.470194
386 660 0.725566
663 892 0.010584
449 495 0.863607
322 969 0.232871
235 962 0.131716
760 793 0.87695
221 471 0.892599
832 799 0.632544
838 687 0.249174
887 390 0.544509
285 21 0.309189
103 818 0.457118
198 69 0.884357
717 22 0.705682
228 969 0.0566235
644 632 0.930785
843 545 0.640778
965 94 0.192512
562 807 0.452111
241 400 0.0945326
341 782 0.886442
257 150 0.251143
574 275 0.0702489
370 820 0.231201
496 649 0.92236
350 70 0.37075
202 972 0.584388
102 897 0.503207
990 417 0.750838
592 546 0.205841
646 965 0.474338
299 264 0.518811
461 850 0.882437
714 439 0.921441
388 927 0.751752
271 744 0.471007
639 352 0.971578
798 442 0.932883
268 783 0.518146
861 250 0.998052
786 994 0.628254
892 692 0.616122
219 159 0.783152
123 932 0.0831472
425 578 0.490711
904 739 0.756632
778 477 0.263767
20 766 0.370582
85 463 0.8632
499 829 0.676639
160 197 0.0435394
813 231 0.844665
830 755 0.803696
40 908 0.538925
579 186 0.881576
493 80 0.154968
205 97 0.196977
388 122 0.943534
746 393 0.465747
495 151 0.126175
135 135 0.854691
891 500 0.799932
901 814 0.0465123
823 425 0.453088
910 586 0.160298
360 383 0.525608
328 857 0.164351
416 524 0.931957
864 17 0.915511
358 836 0.862431
440 797 0.795197
942 532 0.139351
602 510 0.366412
780 381 0.249775
801 208 0.337723
502 624 0.45135
529 940 0.49064
82 770 0.499279
393 790 0.810357
5 509 0.0513687
273 754 0.438504
110 17 0.996938
537 148 0.224045
844 430 0.847576
161 808 0.0455549
394 634 0.346061
81 482 0.861707
495 934 0.394524
333 241 0.905027
742 638 0.05745
609 10 0.592902
7 850 0.262552
229 304 0.0167926
234 964 0.904398
204 909 0.0514015
604 907 0.237898
810 899 0.254271
754 816 0.968854
828 135 0.626092
935 733 0.0718896
635 329 0.129519
200 531 0.306102
232 605 0.58734
280 828 0.675324
40 159 0.735016
714 456 0.908919
150 914 0.0696702
665 133 0.0112115
294 960 0.522042
741 62 0.13435
9 546 0.0390731
865 732 0.95286
65 37 0.291813
268 19 0.608599
793 339 0.223769
752 143 0.913072
81 101 0.556557
421 915 0.505292
467 956 0.418757
515 963 0.622787
960 524 0.23152
392 512 0.922414
25 650 0.67758
973 924 0.443187
349 953 0.48157
418 671 0.301944
376 886 0.973521
284 581 0.574231
923 368 0.83191
297 5 0.647816
427 16 0.693943
920 751 0.40533
466 136 0.303814
359 296 0.921995
170 961 0.275842
897 74 0.611858
798 301 0.123716
589 29 0.920485
780 270 0.80132
340 626 0.89619
279 483 0.326106
224 254 0.152085
607 1 0.0549432
219 987 0.106579
-1
